002731
002731
002731
002666
002679
002253
003007
003708
004717
004717
005633
005633
006312
007036
007770
008536
009364
009364
010123
010929
011714
011714
012529
013337
014141
014838
014838
015604
016476
017209
017209
017999
018791
019545
020268
020268
021050
021050
021828
021828
021828
022537
023260
023953
023953
024675
024675
025342
026001
026001
026740
026740
026001
027484
028204
028204
028941
029682
029682
030495
031259
032126
032945
032945
033739
033739
034536
034536
035295
035295
036058
036770
036770
037488
038242
038242
038986
038986
039863
039863
039863
039863
040746
041489
042222
042222
042970
043753
043753
043753
044531
044531
044531
045324
046144
046144
046956
047738
047738
047738
047738
048492
048492
046956
048492
049272
050073
050073
050073
050874
051699
051699
052559
052559
053425
053425
053425
050073
050874
051699
054256
055075
055075
052559
053425
054256
055871
055871
055871
053425
056729
056729
056729
057620
059306
059306
060224
061100
061100
061100
061992
062899
064671
065608
065608
066582
067504
067504
068434
068434
067504
069363
069363
070319
071317
071317
071317
072247
072247
072247
073190
073190
073190
075088
075088
075088
076008
076943
077920
077920
078913
079889
079889
079889
079889
079889
079889
079889
080924
081925
081925
081925
082896
083886
084903
084903
084903
084903
084903
085906
085906
086928
086928
086928
086928
087947
087947
088965
088965
088965
088965
088965
088965
089951
090969
090969
091997
093037
093037
093961
087233
087233
087233
087233
081858
087233
076953
072564
072564
072564
068319
068319
068319
064624
064624
061118
061118
061118
057882
052161
049809
049809
047402
047402
045189
043010
043010
045189
043010
041015
041015
037525
035908
035908
035908
034345
032808
031266
029819
028497
028497
026952
025507
022743
021433
021433
020116
020116
018813
017489
017489
014917
013758
013758
013758
013758
012669
012669
011619
010553
010553
009502
008495
008495
007496
007496
006601
005630
004389
003391
003391
